68
0 15
0.00205249 0.04220249 0.00570271 0.01692574 0.00804702 0.00232972 0.00656602 0.00518472 0.01774528 0.00633743 0.00913650 0.04745044 0.00551789 0.01067829 0.00241484
1 13
0.02513813 0.00540116 0.00455244 0.01341170 0.02637108 0.00918513 0.03321677 0.02515758 0.12573929 0.11947482 0.01124978 0.01418747 0.00628149
2 17
0.02513813 0.01655853 0.07556030 0.03960040 0.02584337 0.13867191 0.02193537 0.12500973 0.31557995 0.02234636 0.02702525 0.02518677 0.30651155 0.02903154 0.09128957 0.02983405 0.15637099
3 16
0.00389097 0.00240268 0.02006041 0.05468522 0.03665542 0.00256318 0.04330412 0.01846997 0.00410498 0.00246104 0.00269936 0.00518229 0.00600912 0.00399311 0.00230540 0.00415362
4 5
0.00004134 0.00000486 0.00000486 0.00003161 0.00000243
5 10
0.04626612 0.16510136 0.36916354 0.11215006 0.04601321 0.02142954 0.03117157 0.04052937 0.02448153 0.04287611
6 16
0.04220249 0.04626612 0.11323953 0.09480847 0.14531575 0.14312465 0.03616661 0.03603529 0.23493706 0.28287387 0.12964728 0.09616544 0.02292757 0.15028161 0.02207642 0.03383446
7 16
0.16510136 0.11323953 0.02693284 0.22643772 0.04584541 0.08096389 0.01356977 0.01286454 0.01340684 0.01721270 0.01810276 0.02265520 0.03225618 0.00972987 0.02714928 0.02779858
8 15
0.01692574 0.02006041 0.09480847 0.02693284 0.05659180 0.02007986 0.01179452 0.01103091 0.08662769 0.09894263 0.05903338 0.05656018 0.00970069 0.01556147 0.00738069
9 12
0.05468522 0.36916354 0.14531575 0.22643772 0.05659180 0.17735793 0.04378319 0.14386636 0.31173032 0.10419788 0.02400245 0.02474903
10 14
0.00455244 0.03781055 0.03259907 0.07450001 0.04921354 0.01612323 0.06781969 0.00994874 0.01345061 0.00629852 0.00490263 0.00449894 0.01788389 0.00392745
11 8
0.03665542 0.11215006 0.04584541 0.02565855 0.01331686 0.02797854 0.00429710 0.02735599
12 12
0.01341170 0.00678246 0.00583403 0.05752563 0.05374652 0.11570300 0.01381539 0.00549114 0.00729801 0.00345567 0.00438464 0.01007276
13 16
0.04601321 0.14312465 0.08096389 0.02007986 0.17735793 0.02565855 0.00966907 0.01576088 0.01673119 0.01496566 0.01912414 0.11836102 0.06607119 0.01801035 0.06247447 0.01410722
14 10
0.00016293 0.00104327 0.00056419 0.00059824 0.00065174 0.00028210 0.00008025 0.00070767 0.00029912 0.00178012
15 13
0.00982958 0.16941791 0.07140425 0.16179889 0.01267971 0.09389895 0.01804440 0.01850402 0.02470283 0.01728809 0.02159005 0.00845071 0.06277845
16 12
0.02637108 0.07556030 0.01734888 0.00828778 0.04059016 0.05003794 0.44621700 0.01151242 0.01358680 0.02909963 0.01857211 0.01159754
17 14
0.00678246 0.00934077 0.03656787 0.00820266 0.00243915 0.01491702 0.00695269 0.01314906 0.01320986 0.02503842 0.00669004 0.05745511 0.02171894 0.00334624
18 15
0.00918513 0.03781055 0.00893708 0.00744392 0.01985127 0.04297582 0.04222437 0.00460351 0.02700337 0.00493667 0.00560300 0.03139774 0.00467403 0.14735851 0.04320441
19 12
0.02142954 0.01356977 0.01179452 0.00966907 0.01233925 0.04081389 0.01741454 0.00752174 0.00228352 0.00251697 0.00155153 0.00154909
20 16
0.03960040 0.03616661 0.16941791 0.01734888 0.08335684 0.41987024 0.03645843 0.04422336 0.03078248 0.07576701 0.23090018 0.07347133 0.02864973 0.05517889 0.02338476 0.20381170
21 16
0.03321677 0.02584337 0.01103091 0.07140425 0.00828778 0.08335684 0.08574736 0.02039844 0.01108198 0.02175055 0.07531711 0.03612284 0.05615893 0.00697700 0.00815889 0.00714480
22 16
0.13867191 0.03603529 0.16179889 0.04059016 0.41987024 0.08574736 0.04298798 0.05043919 0.42109346 0.07127050 0.09317912 0.05114686 0.03108646 0.02515515 0.12465954 0.03711260
23 17
0.01774528 0.02193537 0.04330412 0.23493706 0.01721270 0.08662769 0.04378319 0.03645843 0.02039844 0.04298798 0.23511702 0.09751513 0.35588315 0.03022801 0.01694763 0.06575991 0.02191348
24 14
0.02515758 0.03259907 0.05752563 0.00934077 0.01985127 0.01108198 0.09043598 0.08269051 0.00732233 0.00827805 0.00500963 0.00544736 0.01832649 0.00553734
25 18
0.12573929 0.12500973 0.07450001 0.05374652 0.05003794 0.03656787 0.04297582 0.04422336 0.05043919 0.09043598 0.69943192 0.04952481 0.04441548 0.10744684 0.10131369 0.12347036 0.89045933 0.29124190
26 16
0.11947482 0.31557995 0.04921354 0.11570300 0.44621700 0.04222437 0.07531711 0.42109346 0.08269051 0.69943192 0.11636447 0.03756250 0.17152390 0.12500000 0.19992559 0.15697652
27 17
0.02234636 0.03117157 0.28287387 0.01810276 0.09894263 0.14386636 0.01912414 0.04081389 0.07576701 0.03612284 0.07127050 0.23511702 0.10172224 0.27552723 0.06605416 0.02191592 0.02126418
28 15
0.01846997 0.04052937 0.12964728 0.02265520 0.05903338 0.31173032 0.02797854 0.11836102 0.01741454 0.09751513 0.10172224 0.05103743 0.05432287 0.01444038 0.01282563
29 19
0.04745044 0.02702525 0.09616544 0.03225618 0.05656018 0.06607119 0.09389895 0.23090018 0.05615893 0.09317912 0.35588315 0.02679179 0.27552723 0.05103743 0.04596944 0.08670794 0.04126379 0.03686212 0.17065086
30 10
0.00129132 0.01612323 0.00243915 0.00732233 0.02429427 0.02444019 0.00401014 0.00113568 0.00168285 0.00281123
31 5
0.02448153 0.00972987 0.00525038 0.00429710 0.01801035
32 12
0.00094113 0.00956450 0.00970069 0.00276259 0.03022801 0.00977121 0.00977121 0.00628149 0.00092654 0.00180687 0.00089979 0.00260209
33 22
0.01124978 0.04287611 0.02292757 0.02714928 0.10419788 0.06781969 0.02735599 0.01381539 0.06247447 0.01804440 0.01358680 0.01491702 0.02700337 0.07347133 0.05114686 0.01694763 0.04952481 0.11636447 0.01698167 0.04596944 0.01004358 0.02785695
34 12
0.00512636 0.01157808 0.07352970 0.00551059 0.02274032 0.00769440 0.00599940 0.07359779 0.04266454 0.04172341 0.03442540 0.00659763
35 10
0.02518677 0.04441548 0.03756250 0.02809284 0.04157993 0.00457433 0.02742894 0.03061468 0.07484290 0.08269781
36 12
0.30651155 0.02909963 0.01607945 0.10744684 0.17152390 0.02809284 0.04640717 0.01780607 0.21560135 0.12928494 0.45085942 0.02435264
37 12
0.00795704 0.00482238 0.00317358 0.01192097 0.00392502 0.02091399 0.06450507 0.06131447 0.00926782 0.05984319 0.01945731 0.00546682
38 6
0.00287689 0.00008512 0.00042314 0.00052042 0.00115513 0.00058851
39 10
0.01192097 0.23907609 0.44142380 0.10230589 0.05355197 0.03669676 0.01575115 0.02973921 0.02049814 0.03592829
40 17
0.15028161 0.02779858 0.02400245 0.06575991 0.06605416 0.05432287 0.08670794 0.07352970 0.06830363 0.16563394 0.20616817 0.06412083 0.30716085 0.32817941 0.19075991 0.14040826 0.03586992
41 16
0.01299586 0.01022110 0.23907609 0.06830363 0.01265053 0.14264557 0.05168431 0.14617420 0.02942063 0.01489271 0.02985350 0.04041264 0.05994047 0.01518453 0.02444019 0.05721679
42 19
0.01102119 0.01487082 0.01051536 0.01064911 0.02274032 0.02091399 0.00725180 0.16563394 0.01265053 0.04555359 0.01716406 0.03602556 0.01954729 0.07240375 0.07635552 0.06741844 0.04840373 0.00719830 0.00792300
43 11
0.02474903 0.06450507 0.44142380 0.14264557 0.04555359 0.17880246 0.09585417 0.04295150 0.09901558 0.20479903 0.08590300
44 14
0.00994874 0.00549114 0.00695269 0.01040836 0.00363077 0.00313710 0.01636155 0.05322367 0.02568287 0.06471664 0.01043754 0.00358942 0.01049347 0.06598850
45 11
0.06131447 0.10230589 0.05168431 0.01716406 0.17880246 0.05857620 0.01939894 0.20457287 0.01452063 0.04718780 0.04661388
46 12
0.01345061 0.00729801 0.01314906 0.00493667 0.00500963 0.02190132 0.03024990 0.02079969 0.05507432 0.13500467 0.08089823 0.01859400
47 16
0.01709354 0.05355197 0.20616817 0.14617420 0.03602556 0.09585417 0.01636155 0.05857620 0.02674559 0.01678956 0.09202399 0.07937346 0.21242048 0.04784926 0.02131525 0.12075641
48 10
0.00115270 0.02942063 0.00485399 0.01939894 0.01345061 0.00226163 0.00199169 0.00659277 0.00528200 0.00414389
49 11
0.01850402 0.02864973 0.03108646 0.00788895 0.01227359 0.00835344 0.18801677 0.07108811 0.01690142 0.18582566 0.04764012
50 10
0.02903154 0.10131369 0.02038628 0.04157993 0.04640717 0.00833885 0.05587926 0.03557324 0.41164326 0.02919933
51 12
0.00629852 0.00345567 0.01320986 0.00560300 0.02311482 0.00405148 0.03024990 0.02921636 0.09477442 0.02907288 0.00619638 0.02012850
52 12
0.02503842 0.03139774 0.12347036 0.02078024 0.05322367 0.02079969 0.00668032 0.04667224 0.10330295 0.09432453 0.01079989 0.07220920
53 11
0.00969825 0.00606263 0.03669676 0.01489271 0.01954729 0.20457287 0.02674559 0.02271600 0.03729986 0.03313895 0.01172886
54 14
0.02470283 0.05517889 0.01799819 0.01708138 0.01780607 0.01735375 0.18801677 0.07138237 0.34113150 0.01552499 0.08447550 0.03847931 0.27848680 0.07488911
55 16
0.01728809 0.02338476 0.02515515 0.01109901 0.01186261 0.02742894 0.01739266 0.07108811 0.07138237 0.08755909 0.02243147 0.03659705 0.08018813 0.01537665 0.11003920 0.01193070
56 16
0.09128957 0.02159005 0.12465954 0.12500000 0.03061468 0.21560135 0.06412083 0.05587926 0.34113150 0.08755909 0.03420410 0.03293467 0.55710249 0.07414496 0.12988074 0.04142916
57 16
0.02207642 0.07359779 0.05984319 0.30716085 0.02985350 0.07240375 0.04295150 0.09202399 0.02271600 0.02243147 0.03420410 0.22979611 0.16679880 0.20512247 0.02440614 0.02910692
58 13
0.00669004 0.00467403 0.02556857 0.00770899 0.02568287 0.05507432 0.00513122 0.02921636 0.04667224 0.13780131 0.07547032 0.00584862 0.01554444
59 15
0.05745511 0.14735851 0.89045933 0.19992559 0.07484290 0.12928494 0.06471664 0.13500467 0.03557324 0.09477442 0.10330295 0.13780131 1.00000000 0.04074580 0.05709033
60 14
0.15637099 0.04320441 0.29124190 0.15697652 0.08269781 0.45085942 0.08089823 0.41164326 0.09432453 0.08447550 0.55710249 0.07547032 1.00000000 0.07634336
61 19
0.03383446 0.02191348 0.02191592 0.04126379 0.04266454 0.02435264 0.32817941 0.04041264 0.07635552 0.09901558 0.07937346 0.03729986 0.03847931 0.08018813 0.07414496 0.22979611 0.12561040 0.31149686 0.02481469
62 15
0.03686212 0.04172341 0.01945731 0.02973921 0.19075991 0.05994047 0.06741844 0.20479903 0.04718780 0.21242048 0.03313895 0.01537665 0.16679880 0.12561040 0.02504329
63 17
0.06277845 0.20381170 0.17065086 0.02785695 0.03442540 0.14040826 0.04840373 0.04784926 0.18582566 0.02919933 0.27848680 0.11003920 0.12988074 0.20512247 0.31149686 0.02504329 0.05973619
64 14
0.00347756 0.00183119 0.00334624 0.00104327 0.00117702 0.00432628 0.00117216 0.01049347 0.00619638 0.00443814 0.00584862 0.04074580 0.01370596 0.00165366
65 6
0.02049814 0.02444019 0.00374263 0.00479806 0.02131525 0.00528200
66 12
0.00081224 0.00093383 0.00091924 0.00116486 0.00439923 0.00064931 0.00514338 0.00719830 0.00293769 0.02440614 0.00488804 0.00579512
67 21
0.03592829 0.03586992 0.05721679 0.08590300 0.06598850 0.04661388 0.01859400 0.12075641 0.04764012 0.02012850 0.07220920 0.01172886 0.07488911 0.01193070 0.04142916 0.02910692 0.01554444 0.05709033 0.07634336 0.02481469 0.05973619
