68
0 15
2 6 7 8 9 16 20 22 23 25 27 29 33 40 61
1 13
2 8 10 12 16 18 21 24 25 26 33 59 60
2 17
1 6 16 20 21 22 23 25 26 27 29 35 36 50 56 59 60
3 16
5 6 8 9 11 13 23 28 33 37 40 42 43 53 57 61
4 5
7 9 11 13 27
5 10
6 7 9 11 13 19 27 28 31 33
6 16
0 5 7 8 9 13 20 22 23 27 28 29 33 40 57 61
7 16
5 6 8 9 11 13 19 20 22 23 27 28 29 31 33 40
8 15
0 3 6 7 9 13 19 21 23 27 28 29 32 40 61
9 12
3 5 6 7 8 13 23 27 28 33 40 43
10 14
1 18 24 25 26 30 33 44 46 51 52 58 59 60
11 8
3 5 7 13 27 28 31 33
12 12
1 17 21 24 25 26 33 44 46 51 58 59
13 16
5 6 7 8 9 11 19 20 22 23 27 28 29 31 33 40
14 10
6 7 9 13 19 23 27 28 31 33
15 13
6 20 21 22 23 29 33 49 54 55 56 61 63
16 12
1 2 20 21 22 25 26 29 33 36 59 60
17 14
12 24 25 26 30 33 44 46 51 52 58 59 60 64
18 15
1 10 20 22 24 25 26 29 33 46 51 52 58 59 60
19 12
5 7 8 13 23 27 28 33 42 43 53 61
20 16
2 6 15 16 21 22 23 25 26 27 29 33 49 54 55 63
21 16
1 2 8 15 16 20 22 23 24 25 26 27 29 33 56 63
22 16
2 6 15 16 20 21 23 25 26 27 29 33 49 55 56 60
23 17
0 2 3 6 7 8 9 20 21 22 27 28 29 32 33 40 61
24 14
1 10 12 17 18 21 25 26 30 33 46 52 59 60
25 18
1 2 10 12 16 17 18 20 22 24 26 33 35 36 50 52 59 60
26 16
1 2 10 12 16 18 21 22 24 25 33 35 36 56 59 60
27 17
2 5 6 7 8 9 13 19 20 21 22 23 28 29 40 61 63
28 15
3 5 6 7 8 9 11 13 19 23 27 29 40 61 63
29 19
0 2 6 7 8 13 15 20 21 22 23 25 27 28 33 40 61 62 63
30 10
2 10 17 24 25 26 33 44 46 59
31 5
5 7 9 11 13
32 12
3 6 8 9 23 27 29 40 57 61 62 63
33 22
1 5 6 7 9 10 11 12 13 15 16 17 18 20 22 23 25 26 27 29 40 63
34 12
6 29 40 41 42 43 55 57 61 62 63 67
35 10
2 25 26 36 50 54 55 56 59 60
36 12
2 16 22 25 26 35 50 54 56 59 60 61
37 12
9 23 27 39 41 42 43 45 47 57 62 67
38 6
41 42 43 45 47 62
39 10
37 41 43 45 47 53 61 62 65 67
40 17
6 7 9 23 27 28 29 34 41 42 47 56 57 61 62 63 67
41 16
6 23 39 40 42 43 45 47 48 53 57 61 62 63 65 67
42 19
6 9 23 27 34 37 39 40 41 43 45 47 53 57 61 62 63 66 67
43 11
9 37 39 41 42 45 47 57 61 62 67
44 14
10 12 17 25 41 45 47 52 58 59 60 62 64 67
45 11
37 39 41 42 43 47 48 53 61 62 67
46 12
10 12 17 18 24 25 51 52 58 59 60 67
47 16
6 39 40 41 42 43 44 45 53 56 57 61 62 63 65 67
48 10
40 41 43 45 47 53 57 62 65 67
49 11
15 20 22 26 29 36 54 55 60 63 67
50 10
2 25 26 35 36 54 56 59 60 63
51 12
10 12 17 18 25 26 46 58 59 60 64 67
52 12
17 18 25 26 44 46 56 58 59 60 63 67
53 11
9 23 39 41 42 45 47 57 61 62 67
54 14
15 20 22 29 36 40 49 55 56 57 60 61 63 67
55 16
15 20 22 26 29 35 40 49 54 56 57 60 61 62 63 67
56 16
2 15 22 26 35 36 40 50 54 55 57 59 60 61 63 67
57 16
6 34 37 40 41 42 43 47 53 55 56 61 62 63 66 67
58 13
17 18 25 26 44 46 50 51 52 59 60 64 67
59 15
17 18 25 26 35 36 44 46 50 51 52 58 60 64 67
60 14
2 18 25 26 35 36 46 50 52 54 56 58 59 67
61 19
6 23 27 29 34 36 40 41 42 43 47 53 54 55 56 57 62 63 67
62 15
29 34 37 39 40 41 42 43 45 47 53 55 57 61 63
63 17
15 20 29 33 34 40 42 47 49 50 54 55 56 57 61 62 67
64 14
10 12 17 18 24 25 26 44 51 52 58 59 60 67
65 6
39 41 43 45 47 48
66 12
6 20 27 28 29 34 40 42 55 57 61 63
67 21
39 40 41 43 44 45 46 47 49 51 52 53 54 55 56 57 58 59 60 61 63
